              precision    recall  f1-score   support

           0     0.2982    0.6860    0.4157      4800
           1     0.9907    0.8044    0.8879      4500
           2     1.0000    0.9000    0.9474      5000
           3     0.9644    0.8782    0.9193      4500
           4     0.9973    0.8870    0.9389      5000
           5     1.0000    0.8004    0.8891      5000
           6     0.9739    0.8880    0.9290      4500
           7     0.9951    0.8970    0.9435      5000
           8     0.9079    0.8369    0.8710      4500
           9     0.9012    0.8538    0.8769      5000
          10     0.9962    0.8416    0.9124      5000
          11     1.0000    0.8840    0.9384      4500
          12     0.9460    0.8718    0.9074      5000
          13     0.9817    0.8698    0.9224      4500
          14     1.0000    0.8862    0.9397      5000
          15     0.4429    0.7714    0.5627      5000
          16     0.9859    0.8831    0.9317      4500
          17     0.9989    0.8976    0.9455      5000
          18     0.9588    0.8524    0.9025      4500
          19     0.9916    0.8780    0.9314      5000
          20     0.9593    0.8966    0.9269      5000

    accuracy                         0.8555    100800
   macro avg     0.9186    0.8554    0.8781    100800
weighted avg     0.9177    0.8555    0.8776    100800
